Time-MTi-30: 1661848511.12461
Time-LiDAR: 1661848511.1698368
DATA_IIDRE:103,142
DATA_LiDAR:502
DATA_MTi-30 - quaternion: -0.019095214083790783, 0.0008158574928529562, -0.04480560123920441, 0.9988128542900087
DATA_MTi-30 - euler:-0.038227512375265074,-8.136719731521858e-05,-0.08965604745316162
